0.000 0.962
0.010 0.899
0.020 0.883
0.030 0.860
0.040 0.845
0.050 0.833
0.060 0.818
0.070 0.785
0.080 0.764
0.090 0.736
0.100 0.722
0.110 0.712
0.120 0.688
0.130 0.678
0.140 0.666
0.150 0.658
0.160 0.655
0.170 0.635
0.180 0.630
0.190 0.623
0.200 0.617
0.210 0.671
0.220 0.663
0.230 0.647
0.240 0.638
0.250 0.622
0.260 0.613
0.270 0.616
0.280 0.615
0.290 0.607
0.300 0.596
0.310 0.596
0.320 0.596
0.330 0.591
0.340 0.583
0.350 0.572
0.360 0.566
0.370 0.569
0.380 0.567
0.390 0.556
0.400 0.552
0.410 0.541
0.420 0.529
0.430 0.525
0.440 0.517
0.450 0.511
0.460 0.504
0.470 0.499
0.480 0.496
0.490 0.488
0.500 0.481
