0.000 1.000
0.001 0.999
0.001 0.999
0.002 0.998
0.002 0.998
0.003 0.996
0.004 0.995
0.004 0.995
0.005 0.995
0.006 0.994
0.006 0.993
0.007 0.993
0.007 0.992
0.008 0.992
0.009 0.991
0.009 0.991
0.010 0.989
0.010 0.989
0.011 0.988
0.012 0.987
0.012 0.986
0.013 0.986
0.014 0.986
0.014 0.986
0.015 0.985
0.015 0.985
0.016 0.984
0.017 0.981
0.017 0.980
0.018 0.979
0.018 0.979
0.019 0.978
0.020 0.978
0.020 0.978
0.021 0.978
0.022 0.977
0.022 0.977
0.023 0.976
0.023 0.975
0.024 0.975
0.025 0.974
0.025 0.971
0.026 0.970
0.027 0.970
0.027 0.969
0.028 0.969
0.028 0.968
0.029 0.967
0.030 0.966
0.030 0.964
0.031 0.963
0.031 0.962
0.032 0.962
0.033 0.961
0.033 0.960
0.034 0.959
0.035 0.958
0.035 0.957
0.036 0.956
0.036 0.956
0.037 0.955
0.038 0.955
0.038 0.954
0.039 0.954
0.039 0.954
0.040 0.954
0.041 0.954
0.041 0.954
0.042 0.953
0.043 0.952
0.043 0.951
0.044 0.951
0.044 0.950
0.045 0.949
0.046 0.949
0.046 0.948
0.047 0.948
0.047 0.948
0.048 0.948
0.049 0.948
0.049 0.948
0.050 0.947
0.051 0.946
0.051 0.945
0.052 0.944
0.052 0.944
0.053 0.943
0.054 0.940
0.054 0.939
0.055 0.937
0.055 0.936
0.056 0.934
0.057 0.934
0.057 0.934
0.058 0.934
0.059 0.927
0.059 0.927
0.060 0.927
0.060 0.927
0.061 0.926
0.062 0.926
0.062 0.926
0.063 0.925
0.064 0.924
0.064 0.923
0.065 0.922
0.065 0.922
0.066 0.921
0.067 0.921
0.067 0.921
0.068 0.920
0.068 0.920
0.069 0.919
0.070 0.919
0.070 0.918
0.071 0.918
0.072 0.917
0.072 0.916
0.073 0.915
0.073 0.914
0.074 0.913
0.075 0.912
0.075 0.912
0.076 0.912
0.076 0.912
0.077 0.912
0.078 0.912
0.078 0.911
0.079 0.910
0.080 0.907
0.080 0.906
0.081 0.905
0.081 0.904
0.082 0.903
0.083 0.902
0.083 0.901
0.084 0.901
0.084 0.901
0.085 0.900
0.086 0.900
0.086 0.899
0.087 0.898
0.088 0.897
0.088 0.897
0.089 0.896
0.089 0.895
0.090 0.894
0.091 0.893
0.091 0.892
0.092 0.892
0.092 0.891
0.093 0.891
0.094 0.891
0.094 0.891
0.095 0.890
0.096 0.889
0.096 0.888
0.097 0.886
0.097 0.886
0.098 0.885
0.099 0.885
0.099 0.884
0.100 0.884
0.100 0.883
0.101 0.882
0.102 0.881
0.102 0.878
0.103 0.877
0.104 0.877
0.104 0.877
0.105 0.870
0.105 0.870
0.106 0.869
0.107 0.868
0.107 0.867
0.108 0.867
0.109 0.866
0.109 0.866
0.110 0.865
0.110 0.864
0.111 0.864
0.112 0.863
0.112 0.862
0.113 0.860
0.113 0.859
0.114 0.859
0.115 0.858
0.115 0.858
0.116 0.857
0.117 0.856
0.117 0.856
0.118 0.855
0.118 0.854
0.119 0.854
0.120 0.852
0.120 0.851
0.121 0.850
0.121 0.849
0.122 0.849
0.123 0.849
0.123 0.848
0.124 0.847
0.125 0.847
0.125 0.846
0.126 0.846
0.126 0.846
0.127 0.845
0.128 0.845
0.128 0.841
0.129 0.841
0.129 0.840
0.130 0.838
0.131 0.837
0.131 0.836
0.132 0.836
0.133 0.835
0.133 0.834
0.134 0.833
0.134 0.832
0.135 0.832
0.136 0.832
0.136 0.831
0.137 0.830
0.137 0.829
0.138 0.829
0.139 0.829
0.139 0.829
0.140 0.829
0.141 0.828
0.141 0.827
0.142 0.826
0.142 0.825
0.143 0.824
0.144 0.823
0.144 0.822
0.145 0.821
0.145 0.820
0.146 0.820
0.147 0.820
0.147 0.819
0.148 0.818
0.149 0.818
0.149 0.818
0.150 0.818
0.150 0.817
0.151 0.816
0.152 0.814
0.152 0.814
0.153 0.814
0.154 0.814
0.154 0.812
0.155 0.811
0.155 0.810
0.156 0.809
0.157 0.809
0.157 0.809
0.158 0.809
0.158 0.808
0.159 0.808
0.160 0.807
0.160 0.805
0.161 0.804
0.162 0.803
0.162 0.802
0.163 0.801
0.163 0.800
0.164 0.799
0.165 0.798
0.165 0.797
0.166 0.796
0.166 0.794
0.167 0.786
0.168 0.785
0.168 0.785
0.169 0.785
0.170 0.785
0.170 0.779
0.171 0.778
0.171 0.777
0.172 0.777
0.173 0.776
0.173 0.776
0.174 0.775
0.174 0.774
0.175 0.773
0.176 0.773
0.176 0.772
0.177 0.771
0.178 0.769
0.178 0.769
0.179 0.768
0.179 0.768
0.180 0.768
0.181 0.766
0.181 0.765
0.182 0.764
0.182 0.763
0.183 0.762
0.184 0.762
0.184 0.761
0.185 0.760
0.186 0.759
0.186 0.758
0.187 0.757
0.187 0.756
0.188 0.756
0.189 0.755
0.189 0.754
0.190 0.753
0.191 0.753
0.191 0.752
0.192 0.751
0.192 0.750
0.193 0.750
0.194 0.749
0.194 0.727
0.195 0.727
0.195 0.727
0.196 0.726
0.197 0.725
0.197 0.724
0.198 0.724
0.199 0.724
0.199 0.723
0.200 0.722
0.200 0.722
0.201 0.721
0.202 0.715
0.202 0.714
0.203 0.713
0.203 0.713
0.204 0.713
0.205 0.712
0.205 0.711
0.206 0.711
0.207 0.711
0.207 0.710
0.208 0.710
0.208 0.710
0.209 0.709
0.210 0.709
0.210 0.708
0.211 0.707
0.211 0.706
0.212 0.705
0.213 0.704
0.213 0.703
0.214 0.702
0.215 0.702
0.215 0.701
0.216 0.701
0.216 0.700
0.217 0.700
0.218 0.699
0.218 0.698
0.219 0.698
0.219 0.697
0.220 0.695
0.221 0.695
0.221 0.695
0.222 0.694
0.223 0.694
0.223 0.694
0.224 0.693
0.224 0.693
0.225 0.693
0.226 0.693
0.226 0.693
0.227 0.692
0.227 0.692
0.228 0.691
0.229 0.691
0.229 0.690
0.230 0.689
0.231 0.688
0.231 0.688
0.232 0.687
0.232 0.687
0.233 0.687
0.234 0.687
0.234 0.686
0.235 0.686
0.236 0.685
0.236 0.685
0.237 0.684
0.237 0.683
0.238 0.683
0.239 0.683
0.239 0.682
0.240 0.682
0.240 0.681
0.241 0.681
0.242 0.680
0.242 0.679
0.243 0.678
0.244 0.676
0.244 0.676
0.245 0.676
0.245 0.676
0.246 0.675
0.247 0.674
0.247 0.673
0.248 0.672
0.248 0.671
0.249 0.671
0.250 0.669
0.250 0.668
0.251 0.668
0.252 0.668
0.252 0.667
0.253 0.667
0.253 0.666
0.254 0.666
0.255 0.657
0.255 0.656
0.256 0.655
0.256 0.654
0.257 0.653
0.258 0.652
0.258 0.652
0.259 0.652
0.260 0.652
0.260 0.651
0.261 0.651
0.261 0.650
0.262 0.645
0.263 0.641
0.263 0.640
0.264 0.640
0.264 0.639
0.265 0.625
0.266 0.624
0.266 0.624
0.267 0.624
0.268 0.624
0.268 0.624
0.269 0.624
0.269 0.624
0.270 0.624
0.271 0.624
0.271 0.623
0.272 0.622
0.273 0.622
0.273 0.621
0.274 0.621
0.274 0.620
0.275 0.620
0.276 0.619
0.276 0.618
0.277 0.617
0.277 0.617
0.278 0.617
0.279 0.616
0.279 0.615
0.280 0.615
0.281 0.615
0.281 0.614
0.282 0.614
0.282 0.613
0.283 0.613
0.284 0.613
0.284 0.612
0.285 0.612
0.285 0.611
0.286 0.611
0.287 0.610
0.287 0.610
0.288 0.610
0.289 0.610
0.289 0.610
0.290 0.609
0.290 0.609
0.291 0.608
0.292 0.607
0.292 0.606
0.293 0.606
0.293 0.606
0.294 0.605
0.295 0.605
0.295 0.603
0.296 0.602
0.297 0.602
0.297 0.602
0.298 0.602
0.298 0.602
0.299 0.601
0.300 0.599
0.300 0.599
0.301 0.598
0.301 0.598
0.302 0.597
0.303 0.597
0.303 0.597
0.304 0.597
0.305 0.596
0.305 0.595
0.306 0.594
0.306 0.591
0.307 0.591
0.308 0.590
0.308 0.589
0.309 0.587
0.309 0.586
0.310 0.585
0.311 0.585
0.311 0.584
0.312 0.584
0.313 0.556
0.313 0.556
0.314 0.556
0.314 0.556
0.315 0.555
0.316 0.553
0.316 0.553
0.317 0.552
0.318 0.551
0.318 0.551
0.319 0.550
0.319 0.550
0.320 0.549
0.321 0.540
0.321 0.539
0.322 0.539
0.322 0.538
0.323 0.538
0.324 0.538
0.324 0.536
0.325 0.535
0.326 0.528
0.326 0.528
0.327 0.528
0.327 0.528
0.328 0.528
0.329 0.527
0.329 0.527
0.330 0.527
0.330 0.526
0.331 0.526
0.332 0.525
0.332 0.525
0.333 0.524
0.334 0.524
0.334 0.524
0.335 0.524
0.335 0.524
0.336 0.504
0.337 0.504
0.337 0.503
0.338 0.502
0.338 0.502
0.339 0.501
0.340 0.501
0.340 0.501
0.341 0.501
0.342 0.500
0.342 0.500
0.343 0.500
0.343 0.500
0.344 0.500
0.345 0.499
0.345 0.499
0.346 0.498
0.346 0.497
0.347 0.496
0.348 0.492
0.348 0.492
0.349 0.491
0.350 0.491
0.350 0.491
0.351 0.490
0.351 0.489
0.352 0.489
0.353 0.488
0.353 0.488
0.354 0.488
0.355 0.488
0.355 0.486
0.356 0.486
0.356 0.486
0.357 0.486
0.358 0.486
0.358 0.485
0.359 0.485
0.359 0.485
0.360 0.485
0.361 0.485
0.361 0.485
0.362 0.484
0.363 0.483
0.363 0.482
0.364 0.482
0.364 0.482
0.365 0.482
0.366 0.481
0.366 0.481
0.367 0.480
0.367 0.479
0.368 0.479
0.369 0.479
0.369 0.478
0.370 0.473
0.371 0.473
0.371 0.473
0.372 0.473
0.372 0.473
0.373 0.473
0.374 0.473
0.374 0.472
0.375 0.471
0.375 0.471
0.376 0.470
0.377 0.470
0.377 0.470
0.378 0.470
0.379 0.469
0.379 0.469
0.380 0.463
0.380 0.462
0.381 0.461
0.382 0.461
0.382 0.459
0.383 0.458
0.383 0.458
0.384 0.457
0.385 0.457
0.385 0.457
0.386 0.456
0.387 0.456
0.387 0.456
0.388 0.456
0.388 0.456
0.389 0.455
0.390 0.454
0.390 0.454
0.391 0.454
0.391 0.454
0.392 0.453
0.393 0.453
0.393 0.453
0.394 0.453
0.395 0.453
0.395 0.452
0.396 0.452
0.396 0.452
0.397 0.451
0.398 0.451
0.398 0.451
0.399 0.451
0.400 0.451
0.400 0.451
0.401 0.450
0.401 0.449
0.402 0.448
0.403 0.448
0.403 0.448
0.404 0.448
0.404 0.448
0.405 0.447
0.406 0.447
0.406 0.444
0.407 0.442
0.408 0.442
0.408 0.442
0.409 0.441
0.409 0.441
0.410 0.440
0.411 0.440
0.411 0.439
0.412 0.439
0.412 0.439
0.413 0.439
0.414 0.438
0.414 0.435
0.415 0.434
0.416 0.433
0.416 0.433
0.417 0.433
0.417 0.433
0.418 0.432
0.419 0.431
0.419 0.431
0.420 0.431
0.420 0.431
0.421 0.431
0.422 0.431
0.422 0.429
0.423 0.429
0.424 0.429
0.424 0.429
0.425 0.428
0.425 0.428
0.426 0.427
0.427 0.427
0.427 0.426
0.428 0.426
0.428 0.424
0.429 0.424
0.430 0.423
0.430 0.422
0.431 0.421
0.432 0.420
0.432 0.419
0.433 0.419
0.433 0.419
0.434 0.419
0.435 0.419
0.435 0.418
0.436 0.418
0.436 0.413
0.437 0.413
0.438 0.413
0.438 0.412
0.439 0.412
0.440 0.412
0.440 0.412
0.441 0.412
0.441 0.412
0.442 0.411
0.443 0.411
0.443 0.408
0.444 0.408
0.445 0.408
0.445 0.408
0.446 0.408
0.446 0.407
0.447 0.407
0.448 0.407
0.448 0.407
0.449 0.407
0.449 0.406
0.450 0.406
0.451 0.406
0.451 0.406
0.452 0.405
0.453 0.405
0.453 0.404
0.454 0.404
0.454 0.403
0.455 0.402
0.456 0.401
0.456 0.378
0.457 0.378
0.457 0.376
0.458 0.376
0.459 0.376
0.459 0.376
0.460 0.375
0.461 0.375
0.461 0.375
0.462 0.374
0.462 0.374
0.463 0.373
0.464 0.372
0.464 0.372
0.465 0.372
0.465 0.359
0.466 0.359
0.467 0.357
0.467 0.357
0.468 0.357
0.469 0.356
0.469 0.356
0.470 0.356
0.470 0.356
0.471 0.356
0.472 0.356
0.472 0.354
0.473 0.353
0.473 0.353
0.474 0.353
0.475 0.353
0.475 0.353
0.476 0.353
0.477 0.352
0.477 0.351
0.478 0.351
0.478 0.350
0.479 0.349
0.480 0.349
0.480 0.349
0.481 0.349
0.482 0.349
0.482 0.349
0.483 0.348
0.483 0.348
0.484 0.347
0.485 0.347
0.485 0.347
0.486 0.346
0.486 0.346
0.487 0.346
0.488 0.346
0.488 0.346
0.489 0.345
0.490 0.345
0.490 0.344
0.491 0.344
0.491 0.343
0.492 0.342
0.493 0.341
0.493 0.341
0.494 0.341
0.494 0.341
0.495 0.341
0.496 0.341
0.496 0.341
0.497 0.340
0.498 0.340
0.498 0.340
0.499 0.338
0.499 0.337
