0.000 1.000
0.000 0.996
0.001 0.995
0.001 0.995
0.002 0.994
0.002 0.993
0.003 0.993
0.003 0.991
0.004 0.990
0.004 0.990
0.005 0.990
0.005 0.990
0.006 0.990
0.006 0.988
0.007 0.988
0.007 0.986
0.008 0.985
0.008 0.984
0.009 0.982
0.009 0.981
0.010 0.981
0.010 0.978
0.011 0.978
0.011 0.976
0.012 0.975
0.012 0.974
0.013 0.974
0.013 0.974
0.014 0.973
0.014 0.973
0.015 0.973
0.015 0.972
0.016 0.972
0.016 0.971
0.017 0.971
0.017 0.970
0.018 0.970
0.018 0.965
0.019 0.964
0.019 0.962
0.020 0.962
0.020 0.962
0.021 0.961
0.021 0.957
0.022 0.957
0.022 0.957
0.023 0.956
0.023 0.941
0.024 0.940
0.024 0.940
0.025 0.939
0.025 0.939
0.026 0.939
0.026 0.938
0.027 0.938
0.027 0.937
0.028 0.933
0.028 0.930
0.029 0.928
0.029 0.928
0.030 0.927
0.030 0.926
0.031 0.925
0.031 0.925
0.032 0.923
0.032 0.923
0.033 0.922
0.033 0.922
0.034 0.922
0.034 0.921
0.035 0.921
0.035 0.920
0.036 0.920
0.036 0.919
0.037 0.919
0.037 0.919
0.038 0.919
0.038 0.918
0.039 0.916
0.039 0.916
0.040 0.916
0.040 0.916
0.041 0.915
0.041 0.913
0.042 0.912
0.042 0.912
0.043 0.910
0.043 0.910
0.044 0.909
0.044 0.906
0.045 0.906
0.045 0.905
0.046 0.905
0.046 0.904
0.047 0.904
0.047 0.903
0.048 0.903
0.048 0.902
0.049 0.902
0.049 0.902
0.050 0.901
0.050 0.900
0.051 0.896
0.051 0.895
0.052 0.893
0.052 0.892
0.053 0.892
0.053 0.892
0.054 0.891
0.054 0.891
0.055 0.890
0.055 0.889
0.056 0.889
0.056 0.888
0.056 0.887
0.057 0.886
0.057 0.886
0.058 0.885
0.058 0.885
0.059 0.885
0.059 0.884
0.060 0.883
0.060 0.883
0.061 0.882
0.061 0.882
0.062 0.882
0.062 0.877
0.063 0.877
0.063 0.876
0.064 0.876
0.064 0.875
0.065 0.874
0.065 0.874
0.066 0.874
0.066 0.874
0.067 0.874
0.067 0.872
0.068 0.868
0.068 0.867
0.069 0.864
0.069 0.864
0.070 0.863
0.070 0.863
0.071 0.862
0.071 0.862
0.072 0.862
0.072 0.862
0.073 0.862
0.073 0.861
0.074 0.861
0.074 0.860
0.075 0.860
0.075 0.859
0.076 0.859
0.076 0.857
0.077 0.857
0.077 0.857
0.078 0.856
0.078 0.855
0.079 0.855
0.079 0.855
0.080 0.855
0.080 0.854
0.081 0.853
0.081 0.852
0.082 0.852
0.082 0.852
0.083 0.851
0.083 0.851
0.084 0.850
0.084 0.849
0.085 0.848
0.085 0.848
0.086 0.848
0.086 0.847
0.087 0.846
0.087 0.846
0.088 0.845
0.088 0.845
0.089 0.844
0.089 0.843
0.090 0.843
0.090 0.841
0.091 0.837
0.091 0.837
0.092 0.835
0.092 0.834
0.093 0.831
0.093 0.830
0.094 0.829
0.094 0.827
0.095 0.826
0.095 0.826
0.096 0.825
0.096 0.821
0.097 0.821
0.097 0.819
0.098 0.819
0.098 0.819
0.099 0.819
0.099 0.819
0.100 0.818
0.100 0.818
0.101 0.817
0.101 0.817
0.102 0.816
0.102 0.814
0.103 0.812
0.103 0.812
0.104 0.811
0.104 0.811
0.105 0.809
0.105 0.808
0.106 0.806
0.106 0.806
0.107 0.805
0.107 0.804
0.108 0.804
0.108 0.803
0.109 0.803
0.109 0.801
0.110 0.797
0.110 0.797
0.111 0.797
0.111 0.795
0.111 0.795
0.112 0.795
0.112 0.794
0.113 0.792
0.113 0.792
0.114 0.790
0.114 0.789
0.115 0.789
0.115 0.789
0.116 0.789
0.116 0.789
0.117 0.789
0.117 0.789
0.118 0.788
0.118 0.784
0.119 0.784
0.119 0.783
0.120 0.783
0.120 0.783
0.121 0.782
0.121 0.781
0.122 0.781
0.122 0.781
0.123 0.780
0.123 0.780
0.124 0.780
0.124 0.779
0.125 0.778
0.125 0.777
0.126 0.777
0.126 0.775
0.127 0.775
0.127 0.775
0.128 0.775
0.128 0.773
0.129 0.772
0.129 0.772
0.130 0.770
0.130 0.770
0.131 0.769
0.131 0.767
0.132 0.766
0.132 0.765
0.133 0.764
0.133 0.764
0.134 0.764
0.134 0.764
0.135 0.763
0.135 0.762
0.136 0.761
0.136 0.761
0.137 0.761
0.137 0.760
0.138 0.760
0.138 0.759
0.139 0.759
0.139 0.758
0.140 0.757
0.140 0.757
0.141 0.757
0.141 0.756
0.142 0.755
0.142 0.754
0.143 0.753
0.143 0.753
0.144 0.753
0.144 0.752
0.145 0.752
0.145 0.751
0.146 0.750
0.146 0.749
0.147 0.749
0.147 0.748
0.148 0.747
0.148 0.747
0.149 0.746
0.149 0.745
0.150 0.744
0.150 0.743
0.151 0.742
0.151 0.741
0.152 0.740
0.152 0.739
0.153 0.739
0.153 0.738
0.154 0.738
0.154 0.737
0.155 0.736
0.155 0.736
0.156 0.735
0.156 0.734
0.157 0.733
0.157 0.733
0.158 0.733
0.158 0.732
0.159 0.732
0.159 0.732
0.160 0.732
0.160 0.729
0.161 0.729
0.161 0.729
0.162 0.729
0.162 0.727
0.163 0.726
0.163 0.726
0.164 0.725
0.164 0.724
0.165 0.723
0.165 0.723
0.166 0.723
0.166 0.721
0.167 0.721
0.167 0.721
0.167 0.720
0.168 0.719
0.168 0.719
0.169 0.719
0.169 0.719
0.170 0.718
0.170 0.718
0.171 0.718
0.171 0.718
0.172 0.717
0.172 0.713
0.173 0.713
0.173 0.709
0.174 0.709
0.174 0.709
0.175 0.708
0.175 0.708
0.176 0.708
0.176 0.708
0.177 0.707
0.177 0.706
0.178 0.694
0.178 0.692
0.179 0.692
0.179 0.691
0.180 0.690
0.180 0.690
0.181 0.690
0.181 0.690
0.182 0.689
0.182 0.685
0.183 0.685
0.183 0.684
0.184 0.682
0.184 0.682
0.185 0.681
0.185 0.681
0.186 0.680
0.186 0.679
0.187 0.678
0.187 0.677
0.188 0.676
0.188 0.675
0.189 0.675
0.189 0.675
0.190 0.674
0.190 0.674
0.191 0.673
0.191 0.673
0.192 0.672
0.192 0.672
0.193 0.671
0.193 0.671
0.194 0.670
0.194 0.670
0.195 0.670
0.195 0.670
0.196 0.669
0.196 0.668
0.197 0.668
0.197 0.668
0.198 0.668
0.198 0.667
0.199 0.667
0.199 0.666
0.200 0.665
0.200 0.665
0.201 0.665
0.201 0.665
0.202 0.664
0.202 0.664
0.203 0.663
0.203 0.661
0.204 0.659
0.204 0.659
0.205 0.658
0.205 0.658
0.206 0.657
0.206 0.656
0.207 0.656
0.207 0.656
0.208 0.655
0.208 0.654
0.209 0.654
0.209 0.654
0.210 0.654
0.210 0.654
0.211 0.653
0.211 0.652
0.212 0.652
0.212 0.652
0.213 0.652
0.213 0.651
0.214 0.651
0.214 0.651
0.215 0.651
0.215 0.651
0.216 0.650
0.216 0.650
0.217 0.650
0.217 0.647
0.218 0.647
0.218 0.647
0.219 0.646
0.219 0.646
0.220 0.645
0.220 0.645
0.221 0.645
0.221 0.645
0.222 0.645
0.222 0.645
0.222 0.645
0.223 0.644
0.223 0.641
0.224 0.641
0.224 0.641
0.225 0.640
0.225 0.639
0.226 0.639
0.226 0.638
0.227 0.638
0.227 0.638
0.228 0.637
0.228 0.637
0.229 0.635
0.229 0.634
0.230 0.633
0.230 0.631
0.231 0.631
0.231 0.630
0.232 0.630
0.232 0.629
0.233 0.629
0.233 0.629
0.234 0.628
0.234 0.628
0.235 0.628
0.235 0.628
0.236 0.627
0.236 0.627
0.237 0.625
0.237 0.625
0.238 0.624
0.238 0.624
0.239 0.624
0.239 0.623
0.240 0.619
0.240 0.619
0.241 0.619
0.241 0.619
0.242 0.619
0.242 0.618
0.243 0.617
0.243 0.616
0.244 0.616
0.244 0.615
0.245 0.614
0.245 0.614
0.246 0.613
0.246 0.612
0.247 0.612
0.247 0.612
0.248 0.612
0.248 0.611
0.249 0.600
0.249 0.600
0.250 0.600
0.250 0.598
0.251 0.596
0.251 0.595
0.252 0.595
0.252 0.594
0.253 0.593
0.253 0.592
0.254 0.591
0.254 0.591
0.255 0.590
0.255 0.589
0.256 0.588
0.256 0.588
0.257 0.588
0.257 0.587
0.258 0.583
0.258 0.583
0.259 0.581
0.259 0.576
0.260 0.576
0.260 0.576
0.261 0.573
0.261 0.572
0.262 0.571
0.262 0.570
0.263 0.570
0.263 0.570
0.264 0.570
0.264 0.568
0.265 0.566
0.265 0.566
0.266 0.566
0.266 0.565
0.267 0.565
0.267 0.564
0.268 0.563
0.268 0.563
0.269 0.562
0.269 0.562
0.270 0.561
0.270 0.560
0.271 0.560
0.271 0.559
0.272 0.559
0.272 0.559
0.273 0.558
0.273 0.558
0.274 0.558
0.274 0.558
0.275 0.557
0.275 0.557
0.276 0.557
0.276 0.557
0.277 0.557
0.277 0.557
0.278 0.557
0.278 0.554
0.278 0.554
0.279 0.543
0.279 0.542
0.280 0.542
0.280 0.537
0.281 0.536
0.281 0.536
0.282 0.536
0.282 0.535
0.283 0.535
0.283 0.535
0.284 0.534
0.284 0.534
0.285 0.534
0.285 0.534
0.286 0.534
0.286 0.534
0.287 0.533
0.287 0.532
0.288 0.532
0.288 0.531
0.289 0.530
0.289 0.530
0.290 0.529
0.290 0.529
0.291 0.528
0.291 0.528
0.292 0.528
0.292 0.527
0.293 0.526
0.293 0.526
0.294 0.526
0.294 0.526
0.295 0.525
0.295 0.525
0.296 0.525
0.296 0.523
0.297 0.523
0.297 0.523
0.298 0.523
0.298 0.522
0.299 0.522
0.299 0.522
0.300 0.522
0.300 0.522
0.301 0.517
0.301 0.517
0.302 0.517
0.302 0.517
0.303 0.516
0.303 0.515
0.304 0.515
0.304 0.515
0.305 0.514
0.305 0.513
0.306 0.512
0.306 0.511
0.307 0.511
0.307 0.511
0.308 0.511
0.308 0.510
0.309 0.508
0.309 0.508
0.310 0.507
0.310 0.507
0.311 0.506
0.311 0.506
0.312 0.505
0.312 0.505
0.313 0.505
0.313 0.504
0.314 0.503
0.314 0.503
0.315 0.503
0.315 0.503
0.316 0.502
0.316 0.502
0.317 0.502
0.317 0.501
0.318 0.501
0.318 0.501
0.319 0.501
0.319 0.501
0.320 0.501
0.320 0.500
0.321 0.500
0.321 0.500
0.322 0.500
0.322 0.493
0.323 0.492
0.323 0.492
0.324 0.492
0.324 0.492
0.325 0.491
0.325 0.490
0.326 0.490
0.326 0.490
0.327 0.489
0.327 0.489
0.328 0.488
0.328 0.488
0.329 0.487
0.329 0.486
0.330 0.486
0.330 0.486
0.331 0.486
0.331 0.486
0.332 0.485
0.332 0.485
0.333 0.482
0.333 0.481
0.333 0.481
0.334 0.481
0.334 0.481
0.335 0.480
0.335 0.480
0.336 0.480
0.336 0.479
0.337 0.479
0.337 0.471
0.338 0.464
0.338 0.463
0.339 0.463
0.339 0.461
0.340 0.461
0.340 0.460
0.341 0.458
0.341 0.458
0.342 0.458
0.342 0.458
0.343 0.456
0.343 0.455
0.344 0.454
0.344 0.454
0.345 0.451
0.345 0.451
0.346 0.451
0.346 0.449
0.347 0.449
0.347 0.449
0.348 0.447
0.348 0.447
0.349 0.446
0.349 0.446
0.350 0.445
0.350 0.441
0.351 0.440
0.351 0.440
0.352 0.437
0.352 0.437
0.353 0.433
0.353 0.433
0.354 0.433
0.354 0.433
0.355 0.427
0.355 0.427
0.356 0.427
0.356 0.427
0.357 0.424
0.357 0.424
0.358 0.424
0.358 0.424
0.359 0.424
0.359 0.422
0.360 0.421
0.360 0.421
0.361 0.421
0.361 0.421
0.362 0.420
0.362 0.419
0.363 0.418
0.363 0.418
0.364 0.418
0.364 0.417
0.365 0.417
0.365 0.417
0.366 0.417
0.366 0.416
0.367 0.415
0.367 0.414
0.368 0.414
0.368 0.413
0.369 0.413
0.369 0.413
0.370 0.413
0.370 0.413
0.371 0.411
0.371 0.411
0.372 0.411
0.372 0.411
0.373 0.410
0.373 0.409
0.374 0.409
0.374 0.409
0.375 0.408
0.375 0.407
0.376 0.404
0.376 0.403
0.377 0.403
0.377 0.402
0.378 0.402
0.378 0.402
0.379 0.400
0.379 0.400
0.380 0.400
0.380 0.399
0.381 0.399
0.381 0.399
0.382 0.398
0.382 0.398
0.383 0.398
0.383 0.398
0.384 0.398
0.384 0.397
0.385 0.395
0.385 0.395
0.386 0.394
0.386 0.393
0.387 0.393
0.387 0.393
0.388 0.390
0.388 0.390
0.389 0.389
0.389 0.389
0.389 0.387
0.390 0.387
0.390 0.387
0.391 0.386
0.391 0.386
0.392 0.385
0.392 0.384
0.393 0.384
0.393 0.383
0.394 0.383
0.394 0.382
0.395 0.381
0.395 0.381
0.396 0.380
0.396 0.380
0.397 0.379
0.397 0.378
0.398 0.378
0.398 0.378
0.399 0.378
0.399 0.378
0.400 0.377
0.400 0.373
0.401 0.373
0.401 0.373
0.402 0.373
0.402 0.373
0.403 0.372
0.403 0.372
0.404 0.372
0.404 0.372
0.405 0.368
0.405 0.367
0.406 0.367
0.406 0.367
0.407 0.367
0.407 0.366
0.408 0.366
0.408 0.366
0.409 0.365
0.409 0.364
0.410 0.364
0.410 0.364
0.411 0.364
0.411 0.364
0.412 0.364
0.412 0.363
0.413 0.363
0.413 0.362
0.414 0.362
0.414 0.361
0.415 0.361
0.415 0.361
0.416 0.361
0.416 0.361
0.417 0.361
0.417 0.359
0.418 0.359
0.418 0.358
0.419 0.356
0.419 0.356
0.420 0.356
0.420 0.356
0.421 0.356
0.421 0.355
0.422 0.350
0.422 0.349
0.423 0.349
0.423 0.348
0.424 0.347
0.424 0.347
0.425 0.347
0.425 0.347
0.426 0.346
0.426 0.346
0.427 0.342
0.427 0.342
0.428 0.341
0.428 0.341
0.429 0.340
0.429 0.340
0.430 0.339
0.430 0.339
0.431 0.339
0.431 0.333
0.432 0.332
0.432 0.332
0.433 0.332
0.433 0.331
0.434 0.331
0.434 0.331
0.435 0.330
0.435 0.330
0.436 0.329
0.436 0.329
0.437 0.327
0.437 0.327
0.438 0.325
0.438 0.325
0.439 0.325
0.439 0.325
0.440 0.325
0.440 0.324
0.441 0.306
0.441 0.300
0.442 0.293
0.442 0.293
0.443 0.285
0.443 0.285
0.444 0.285
0.444 0.275
0.444 0.275
0.445 0.274
0.445 0.274
0.446 0.274
0.446 0.273
0.447 0.272
0.447 0.272
0.448 0.272
0.448 0.271
0.449 0.270
0.449 0.270
0.450 0.270
0.450 0.269
0.451 0.268
0.451 0.268
0.452 0.268
0.452 0.267
0.453 0.267
0.453 0.267
0.454 0.266
0.454 0.266
0.455 0.266
0.455 0.266
0.456 0.265
0.456 0.265
0.457 0.265
0.457 0.264
0.458 0.264
0.458 0.264
0.459 0.264
0.459 0.264
0.460 0.264
0.460 0.264
0.461 0.264
0.461 0.264
0.462 0.263
0.462 0.261
0.463 0.261
0.463 0.260
0.464 0.259
0.464 0.259
0.465 0.259
0.465 0.258
0.466 0.257
0.466 0.256
0.467 0.256
0.467 0.256
0.468 0.255
0.468 0.255
0.469 0.254
0.469 0.254
0.470 0.254
0.470 0.254
0.471 0.254
0.471 0.254
0.472 0.253
0.472 0.252
0.473 0.252
0.473 0.251
0.474 0.251
0.474 0.251
0.475 0.251
0.475 0.251
0.476 0.251
0.476 0.250
0.477 0.249
0.477 0.249
0.478 0.248
0.478 0.247
0.479 0.247
0.479 0.247
0.480 0.247
0.480 0.246
0.481 0.246
0.481 0.246
0.482 0.246
0.482 0.246
0.483 0.246
0.483 0.246
0.484 0.246
0.484 0.246
0.485 0.245
0.485 0.244
0.486 0.244
0.486 0.243
0.487 0.243
0.487 0.242
0.488 0.242
0.488 0.242
0.489 0.242
0.489 0.242
0.490 0.242
0.490 0.242
0.491 0.233
0.491 0.233
0.492 0.233
0.492 0.233
0.493 0.233
0.493 0.233
0.494 0.233
0.494 0.233
0.495 0.233
0.495 0.233
0.496 0.233
0.496 0.233
0.497 0.232
0.497 0.232
0.498 0.232
0.498 0.232
0.499 0.230
0.499 0.230
0.500 0.230
