0.000 0.986
0.010 0.890
0.020 0.852
0.030 0.815
0.040 0.773
0.050 0.757
0.060 0.748
0.070 0.707
0.080 0.711
0.090 0.684
0.100 0.671
0.110 0.652
0.120 0.621
0.130 0.577
0.140 0.576
0.150 0.562
0.160 0.522
0.170 0.488
0.180 0.478
0.190 0.460
0.200 0.408
0.210 0.391
0.220 0.369
0.230 0.369
0.240 0.387
0.250 0.369
0.260 0.345
0.270 0.336
0.280 0.297
0.290 0.278
0.300 0.273
0.310 0.276
0.320 0.264
0.330 0.278
0.340 0.273
0.350 0.260
0.360 0.239
0.370 0.240
0.380 0.231
0.390 0.239
0.400 0.244
0.410 0.257
0.420 0.243
0.430 0.251
0.440 0.247
0.450 0.237
0.460 0.232
0.470 0.220
0.480 0.221
0.490 0.216
0.500 0.210
