0.000 0.999
0.001 0.998
0.001 0.998
0.002 0.997
0.003 0.995
0.003 0.995
0.004 0.994
0.005 0.993
0.005 0.993
0.006 0.992
0.007 0.991
0.007 0.990
0.008 0.988
0.008 0.985
0.009 0.984
0.010 0.984
0.010 0.984
0.011 0.983
0.012 0.983
0.012 0.983
0.013 0.983
0.014 0.983
0.014 0.982
0.015 0.982
0.016 0.979
0.016 0.979
0.017 0.978
0.018 0.978
0.018 0.977
0.019 0.969
0.020 0.968
0.020 0.967
0.021 0.966
0.021 0.965
0.022 0.965
0.023 0.964
0.023 0.963
0.024 0.962
0.025 0.961
0.025 0.961
0.026 0.960
0.027 0.960
0.027 0.959
0.028 0.959
0.029 0.942
0.029 0.942
0.030 0.941
0.031 0.941
0.031 0.940
0.032 0.931
0.033 0.930
0.033 0.929
0.034 0.928
0.035 0.927
0.035 0.925
0.036 0.924
0.036 0.924
0.037 0.923
0.038 0.923
0.038 0.923
0.039 0.921
0.040 0.920
0.040 0.919
0.041 0.918
0.042 0.918
0.042 0.917
0.043 0.916
0.044 0.915
0.044 0.914
0.045 0.913
0.046 0.913
0.046 0.912
0.047 0.911
0.048 0.910
0.048 0.909
0.049 0.909
0.049 0.908
0.050 0.908
0.051 0.907
0.051 0.907
0.052 0.907
0.053 0.903
0.053 0.901
0.054 0.901
0.055 0.898
0.055 0.897
0.056 0.896
0.057 0.895
0.057 0.894
0.058 0.894
0.059 0.894
0.059 0.890
0.060 0.889
0.061 0.887
0.061 0.887
0.062 0.887
0.062 0.886
0.063 0.885
0.064 0.885
0.064 0.885
0.065 0.885
0.066 0.885
0.066 0.884
0.067 0.884
0.068 0.883
0.068 0.882
0.069 0.881
0.070 0.881
0.070 0.880
0.071 0.880
0.072 0.879
0.072 0.878
0.073 0.876
0.074 0.875
0.074 0.873
0.075 0.872
0.076 0.871
0.076 0.871
0.077 0.870
0.077 0.868
0.078 0.865
0.079 0.864
0.079 0.862
0.080 0.862
0.081 0.862
0.081 0.861
0.082 0.860
0.083 0.859
0.083 0.859
0.084 0.858
0.085 0.855
0.085 0.855
0.086 0.853
0.087 0.852
0.087 0.852
0.088 0.852
0.089 0.852
0.089 0.851
0.090 0.850
0.090 0.849
0.091 0.848
0.092 0.843
0.092 0.838
0.093 0.838
0.094 0.837
0.094 0.837
0.095 0.836
0.096 0.835
0.096 0.835
0.097 0.835
0.098 0.834
0.098 0.819
0.099 0.818
0.100 0.816
0.100 0.815
0.101 0.815
0.102 0.814
0.102 0.814
0.103 0.813
0.104 0.813
0.104 0.812
0.105 0.811
0.105 0.811
0.106 0.810
0.107 0.810
0.107 0.810
0.108 0.809
0.109 0.808
0.109 0.808
0.110 0.807
0.111 0.806
0.111 0.806
0.112 0.806
0.113 0.805
0.113 0.805
0.114 0.805
0.115 0.804
0.115 0.803
0.116 0.789
0.117 0.789
0.117 0.788
0.118 0.787
0.118 0.786
0.119 0.786
0.120 0.784
0.120 0.782
0.121 0.781
0.122 0.780
0.122 0.779
0.123 0.779
0.124 0.779
0.124 0.778
0.125 0.777
0.126 0.777
0.126 0.777
0.127 0.776
0.128 0.775
0.128 0.774
0.129 0.773
0.130 0.772
0.130 0.772
0.131 0.772
0.132 0.768
0.132 0.768
0.133 0.768
0.133 0.767
0.134 0.767
0.135 0.758
0.135 0.758
0.136 0.758
0.137 0.758
0.137 0.758
0.138 0.758
0.139 0.758
0.139 0.756
0.140 0.756
0.141 0.753
0.141 0.752
0.142 0.751
0.143 0.751
0.143 0.750
0.144 0.749
0.145 0.749
0.145 0.747
0.146 0.746
0.146 0.745
0.147 0.744
0.148 0.744
0.148 0.744
0.149 0.744
0.150 0.743
0.150 0.742
0.151 0.742
0.152 0.741
0.152 0.740
0.153 0.740
0.154 0.739
0.154 0.739
0.155 0.738
0.156 0.738
0.156 0.737
0.157 0.735
0.158 0.735
0.158 0.735
0.159 0.735
0.160 0.734
0.160 0.733
0.161 0.732
0.161 0.732
0.162 0.732
0.163 0.731
0.163 0.730
0.164 0.730
0.165 0.730
0.165 0.729
0.166 0.728
0.167 0.728
0.167 0.727
0.168 0.726
0.169 0.725
0.169 0.725
0.170 0.725
0.171 0.725
0.171 0.725
0.172 0.724
0.173 0.723
0.173 0.723
0.174 0.722
0.174 0.721
0.175 0.721
0.176 0.721
0.176 0.720
0.177 0.719
0.178 0.717
0.178 0.715
0.179 0.715
0.180 0.707
0.180 0.702
0.181 0.702
0.182 0.702
0.182 0.701
0.183 0.701
0.184 0.698
0.184 0.697
0.185 0.697
0.186 0.695
0.186 0.694
0.187 0.693
0.188 0.693
0.188 0.693
0.189 0.693
0.189 0.692
0.190 0.692
0.191 0.691
0.191 0.691
0.192 0.690
0.193 0.689
0.193 0.678
0.194 0.677
0.195 0.677
0.195 0.676
0.196 0.674
0.197 0.674
0.197 0.674
0.198 0.674
0.199 0.673
0.199 0.672
0.200 0.670
0.201 0.670
0.201 0.665
0.202 0.664
0.202 0.657
0.203 0.656
0.204 0.655
0.204 0.652
0.205 0.652
0.206 0.650
0.206 0.650
0.207 0.648
0.208 0.647
0.208 0.646
0.209 0.646
0.210 0.645
0.210 0.642
0.211 0.642
0.212 0.639
0.212 0.639
0.213 0.638
0.214 0.638
0.214 0.638
0.215 0.638
0.215 0.637
0.216 0.636
0.217 0.635
0.217 0.635
0.218 0.634
0.219 0.633
0.219 0.632
0.220 0.631
0.221 0.630
0.221 0.630
0.222 0.629
0.223 0.629
0.223 0.628
0.224 0.622
0.225 0.618
0.225 0.618
0.226 0.617
0.227 0.617
0.227 0.616
0.228 0.616
0.229 0.616
0.229 0.616
0.230 0.616
0.230 0.614
0.231 0.613
0.232 0.613
0.232 0.612
0.233 0.612
0.234 0.611
0.234 0.611
0.235 0.610
0.236 0.610
0.236 0.608
0.237 0.607
0.238 0.607
0.238 0.607
0.239 0.607
0.240 0.606
0.240 0.605
0.241 0.604
0.242 0.603
0.242 0.603
0.243 0.603
0.243 0.602
0.244 0.599
0.245 0.599
0.245 0.599
0.246 0.598
0.247 0.598
0.247 0.598
0.248 0.597
0.249 0.595
0.249 0.595
0.250 0.595
0.251 0.595
0.251 0.594
0.252 0.594
0.253 0.593
0.253 0.590
0.254 0.590
0.255 0.588
0.255 0.588
0.256 0.587
0.257 0.587
0.257 0.587
0.258 0.587
0.258 0.587
0.259 0.586
0.260 0.584
0.260 0.583
0.261 0.581
0.262 0.580
0.262 0.578
0.263 0.577
0.264 0.577
0.264 0.576
0.265 0.575
0.266 0.575
0.266 0.574
0.267 0.574
0.268 0.573
0.268 0.572
0.269 0.571
0.270 0.571
0.270 0.571
0.271 0.570
0.271 0.569
0.272 0.568
0.273 0.568
0.273 0.566
0.274 0.566
0.275 0.566
0.275 0.565
0.276 0.564
0.277 0.564
0.277 0.563
0.278 0.552
0.279 0.550
0.279 0.549
0.280 0.548
0.281 0.547
0.281 0.547
0.282 0.546
0.283 0.546
0.283 0.545
0.284 0.545
0.285 0.544
0.285 0.544
0.286 0.543
0.286 0.542
0.287 0.542
0.288 0.541
0.288 0.541
0.289 0.540
0.290 0.540
0.290 0.540
0.291 0.540
0.292 0.540
0.292 0.539
0.293 0.538
0.294 0.533
0.294 0.533
0.295 0.533
0.296 0.533
0.296 0.531
0.297 0.528
0.298 0.528
0.298 0.527
0.299 0.526
0.299 0.526
0.300 0.526
0.301 0.526
0.301 0.526
0.302 0.526
0.303 0.526
0.303 0.519
0.304 0.519
0.305 0.518
0.305 0.517
0.306 0.515
0.307 0.515
0.307 0.515
0.308 0.509
0.309 0.508
0.309 0.508
0.310 0.508
0.311 0.508
0.311 0.507
0.312 0.506
0.312 0.505
0.313 0.505
0.314 0.505
0.314 0.504
0.315 0.504
0.316 0.503
0.316 0.503
0.317 0.503
0.318 0.503
0.318 0.502
0.319 0.502
0.320 0.501
0.320 0.501
0.321 0.501
0.322 0.501
0.322 0.498
0.323 0.498
0.324 0.497
0.324 0.496
0.325 0.496
0.326 0.495
0.326 0.495
0.327 0.493
0.327 0.493
0.328 0.492
0.329 0.491
0.329 0.491
0.330 0.489
0.331 0.488
0.331 0.487
0.332 0.486
0.333 0.486
0.333 0.486
0.334 0.478
0.335 0.478
0.335 0.478
0.336 0.477
0.337 0.473
0.337 0.472
0.338 0.472
0.339 0.469
0.339 0.468
0.340 0.468
0.340 0.467
0.341 0.467
0.342 0.467
0.342 0.466
0.343 0.466
0.344 0.466
0.344 0.466
0.345 0.465
0.346 0.465
0.346 0.464
0.347 0.464
0.348 0.463
0.348 0.462
0.349 0.457
0.350 0.456
0.350 0.455
0.351 0.455
0.352 0.455
0.352 0.454
0.353 0.454
0.354 0.453
0.354 0.453
0.355 0.453
0.355 0.453
0.356 0.452
0.357 0.437
0.357 0.437
0.358 0.436
0.359 0.436
0.359 0.436
0.360 0.436
0.361 0.435
0.361 0.434
0.362 0.433
0.363 0.433
0.363 0.433
0.364 0.433
0.365 0.432
0.365 0.432
0.366 0.432
0.367 0.431
0.367 0.430
0.368 0.429
0.368 0.425
0.369 0.422
0.370 0.422
0.370 0.422
0.371 0.421
0.372 0.420
0.372 0.420
0.373 0.420
0.374 0.420
0.374 0.420
0.375 0.419
0.376 0.419
0.376 0.419
0.377 0.418
0.378 0.418
0.378 0.418
0.379 0.418
0.380 0.417
0.380 0.417
0.381 0.417
0.382 0.417
0.382 0.417
0.383 0.416
0.383 0.416
0.384 0.415
0.385 0.415
0.385 0.415
0.386 0.415
0.387 0.414
0.387 0.414
0.388 0.413
0.389 0.412
0.389 0.411
0.390 0.411
0.391 0.411
0.391 0.410
0.392 0.409
0.393 0.409
0.393 0.406
0.394 0.405
0.395 0.401
0.395 0.400
0.396 0.399
0.396 0.398
0.397 0.397
0.398 0.397
0.398 0.397
0.399 0.396
0.400 0.396
0.400 0.395
0.401 0.395
0.402 0.395
0.402 0.394
0.403 0.392
0.404 0.392
0.404 0.391
0.405 0.390
0.406 0.389
0.406 0.388
0.407 0.388
0.408 0.388
0.408 0.388
0.409 0.388
0.410 0.388
0.410 0.388
0.411 0.387
0.411 0.387
0.412 0.373
0.413 0.372
0.413 0.372
0.414 0.367
0.415 0.364
0.415 0.364
0.416 0.363
0.417 0.362
0.417 0.359
0.418 0.359
0.419 0.359
0.419 0.357
0.420 0.357
0.421 0.356
0.421 0.356
0.422 0.356
0.423 0.356
0.423 0.356
0.424 0.355
0.424 0.352
0.425 0.352
0.426 0.352
0.426 0.346
0.427 0.346
0.428 0.342
0.428 0.342
0.429 0.341
0.430 0.341
0.430 0.340
0.431 0.340
0.432 0.340
0.432 0.340
0.433 0.340
0.434 0.339
0.434 0.338
0.435 0.337
0.436 0.336
0.436 0.336
0.437 0.336
0.438 0.336
0.438 0.336
0.439 0.336
0.439 0.335
0.440 0.335
0.441 0.334
0.441 0.334
0.442 0.334
0.443 0.334
0.443 0.333
0.444 0.333
0.445 0.331
0.445 0.331
0.446 0.331
0.447 0.330
0.447 0.326
0.448 0.325
0.449 0.325
0.449 0.324
0.450 0.323
0.451 0.323
0.451 0.322
0.452 0.319
0.452 0.319
0.453 0.318
0.454 0.318
0.454 0.317
0.455 0.317
0.456 0.316
0.456 0.316
0.457 0.315
0.458 0.314
0.458 0.314
0.459 0.313
0.460 0.313
0.460 0.313
0.461 0.313
0.462 0.313
0.462 0.313
0.463 0.312
0.464 0.308
0.464 0.308
0.465 0.307
0.465 0.307
0.466 0.306
0.467 0.306
0.467 0.302
0.468 0.301
0.469 0.296
0.469 0.296
0.470 0.296
0.471 0.296
0.471 0.296
0.472 0.296
0.473 0.295
0.473 0.295
0.474 0.295
0.475 0.295
0.475 0.295
0.476 0.295
0.477 0.294
0.477 0.294
0.478 0.293
0.479 0.293
0.479 0.293
0.480 0.293
0.480 0.293
0.481 0.293
0.482 0.293
0.482 0.293
0.483 0.283
0.484 0.283
0.484 0.282
0.485 0.280
0.486 0.280
0.486 0.280
0.487 0.280
0.488 0.279
0.488 0.279
0.489 0.279
0.490 0.279
0.490 0.279
0.491 0.277
0.492 0.277
0.492 0.277
0.493 0.277
0.493 0.277
0.494 0.277
0.495 0.277
0.495 0.277
0.496 0.246
0.497 0.242
0.497 0.242
0.498 0.242
0.499 0.242
0.499 0.242
