0.000 0.999
0.010 0.980
0.020 0.951
0.030 0.913
0.040 0.896
0.050 0.887
0.060 0.850
0.070 0.862
0.080 0.844
0.090 0.810
0.100 0.783
0.110 0.757
0.120 0.730
0.130 0.724
0.140 0.702
0.150 0.692
0.160 0.661
0.170 0.620
0.180 0.491
0.190 0.476
0.200 0.440
0.210 0.434
0.220 0.431
0.230 0.415
0.240 0.411
0.250 0.381
0.260 0.374
0.270 0.327
0.280 0.317
0.290 0.307
0.300 0.181
0.310 0.160
0.320 0.134
0.330 0.134
0.340 0.134
0.350 0.132
0.360 0.124
0.370 0.124
0.380 0.120
0.390 0.120
0.400 0.120
0.410 0.118
0.420 0.116
0.430 0.109
0.440 0.106
0.450 0.090
0.460 0.084
0.470 0.084
0.480 0.084
0.490 0.084
0.500 0.084
